zneb	u	offset	age	mass	stars
0.1	-3.5	517.292	7	300	binary
0.1	-3.3	461.944	7	300	binary
0.1	-3.0999999999999996	418.519	7	300	binary
0.1	-2.8999999999999995	451.716	7	300	binary
0.1	-2.6999999999999993	384.943	7	300	binary
0.1	-2.499999999999999	375.401	7	300	binary
0.1	-2.299999999999999	407.962	7	300	binary
0.1	-2.0999999999999988	160.078	7	300	binary
0.1	-1.8999999999999986	121.906	7	300	binary
0.1	-1.6999999999999984	104.47	7	300	binary
0.1	-1.4999999999999982	95.41	7	300	binary
0.2	-3.5	437.861	7	300	binary
0.2	-3.3	468.938	7	300	binary
0.2	-3.0999999999999996	474.316	7	300	binary
0.2	-2.8999999999999995	536.984	7	300	binary
0.2	-2.6999999999999993	419.881	7	300	binary
0.2	-2.499999999999999	414.106	7	300	binary
0.2	-2.299999999999999	459.386	7	300	binary
0.2	-2.0999999999999988	426.135	7	300	binary
0.2	-1.8999999999999986	415.761	7	300	binary
0.2	-1.6999999999999984	424.654	7	300	binary
0.2	-1.4999999999999982	648.524	7	300	binary
0.3	-3.5	519.12	7	300	binary
0.3	-3.3	436.989	7	300	binary
0.3	-3.0999999999999996	526.732	7	300	binary
0.3	-2.8999999999999995	456.006	7	300	binary
0.3	-2.6999999999999993		7	300	binary
0.3	-2.499999999999999		7	300	binary
0.3	-2.299999999999999		7	300	binary
0.3	-2.0999999999999988		7	300	binary
0.3	-1.8999999999999986	475.556	7	300	binary
0.3	-1.6999999999999984	480.977	7	300	binary
0.3	-1.4999999999999982	486.582	7	300	binary
0.5	-3.5		7	300	binary
0.5	-3.3		7	300	binary
0.5	-3.0999999999999996		7	300	binary
0.5	-2.8999999999999995		7	300	binary
0.5	-2.6999999999999993		7	300	binary
0.5	-2.499999999999999		7	300	binary
0.5	-2.299999999999999		7	300	binary
0.5	-2.0999999999999988	604.089	7	300	binary
0.5	-1.8999999999999986	603.055	7	300	binary
0.5	-1.6999999999999984	598.443	7	300	binary
0.5	-1.4999999999999982	596.722	7	300	binary
0.1	-3.5		7	100	binary
0.1	-3.3		7	100	binary
0.1	-3.0999999999999996		7	100	binary
0.1	-2.8999999999999995		7	100	binary
0.1	-2.6999999999999993		7	100	binary
0.1	-2.499999999999999		7	100	binary
0.1	-2.299999999999999	455.484	7	100	binary
0.1	-2.0999999999999988	389.167	7	100	binary
0.1	-1.8999999999999986	385.587	7	100	binary
0.1	-1.6999999999999984	133.293	7	100	binary
0.1	-1.4999999999999982	111.74	7	100	binary
0.2	-3.5	435.775	7	100	binary
0.2	-3.3	483.913	7	100	binary
0.2	-3.0999999999999996	430.207	7	100	binary
0.2	-2.8999999999999995	456.349	7	100	binary
0.2	-2.6999999999999993	454.203	7	100	binary
0.2	-2.499999999999999	522.198	7	100	binary
0.2	-2.299999999999999	502.23	7	100	binary
0.2	-2.0999999999999988	419.946	7	100	binary
0.2	-1.8999999999999986	430.407	7	100	binary
0.2	-1.6999999999999984	415.776	7	100	binary
0.2	-1.4999999999999982	426.507	7	100	binary
0.3	-3.5		7	100	binary
0.3	-3.3		7	100	binary
0.3	-3.0999999999999996		7	100	binary
0.3	-2.8999999999999995		7	100	binary
0.3	-2.6999999999999993		7	100	binary
0.3	-2.499999999999999		7	100	binary
0.3	-2.299999999999999		7	100	binary
0.3	-2.0999999999999988		7	100	binary
0.3	-1.8999999999999986	521.406	7	100	binary
0.3	-1.6999999999999984	536.974	7	100	binary
0.3	-1.4999999999999982	503.981	7	100	binary
0.5	-3.5	629.865	7	100	binary
0.5	-3.3	629.481	7	100	binary
0.5	-3.0999999999999996	628.716	7	100	binary
0.5	-2.8999999999999995	627.693	7	100	binary
0.5	-2.6999999999999993	627.825	7	100	binary
0.5	-2.499999999999999	625.9	7	100	binary
0.5	-2.299999999999999	625.717	7	100	binary
0.5	-2.0999999999999988	624.568	7	100	binary
0.5	-1.8999999999999986	623.025	7	100	binary
0.5	-1.6999999999999984	621.435	7	100	binary
0.5	-1.4999999999999982	618.997	7	100	binary
0.1	-3.5		7	300	single
0.1	-3.3		7	300	single
0.1	-3.0999999999999996		7	300	single
0.1	-2.8999999999999995		7	300	single
0.1	-2.6999999999999993		7	300	single
0.1	-2.499999999999999		7	300	single
0.1	-2.299999999999999		7	300	single
0.1	-2.0999999999999988		7	300	single
0.1	-1.8999999999999986		7	300	single
0.1	-1.6999999999999984	136.921	7	300	single
0.1	-1.4999999999999982	114.051	7	300	single
0.2	-3.5	541.134	7	300	single
0.2	-3.3	529.917	7	300	single
0.2	-3.0999999999999996	551.691	7	300	single
0.2	-2.8999999999999995	489.098	7	300	single
0.2	-2.6999999999999993	470.204	7	300	single
0.2	-2.499999999999999	512.298	7	300	single
0.2	-2.299999999999999	487.373	7	300	single
0.2	-2.0999999999999988	512.808	7	300	single
0.2	-1.8999999999999986	451.005	7	300	single
0.2	-1.6999999999999984	426.493	7	300	single
0.2	-1.4999999999999982	428.109	7	300	single
0.3	-3.5		7	300	single
0.3	-3.3		7	300	single
0.3	-3.0999999999999996		7	300	single
0.3	-2.8999999999999995		7	300	single
0.3	-2.6999999999999993		7	300	single
0.3	-2.499999999999999		7	300	single
0.3	-2.299999999999999		7	300	single
0.3	-2.0999999999999988	526.562	7	300	single
0.3	-1.8999999999999986	506.985	7	300	single
0.3	-1.6999999999999984		7	300	single
0.3	-1.4999999999999982	526.605	7	300	single
0.5	-3.5	514.208	7	300	single
0.5	-3.3	522.271	7	300	single
0.5	-3.0999999999999996	513.288	7	300	single
0.5	-2.8999999999999995	510.07	7	300	single
0.5	-2.6999999999999993	498.023	7	300	single
0.5	-2.499999999999999	497.55	7	300	single
0.5	-2.299999999999999	525.782	7	300	single
0.5	-2.0999999999999988	524.695	7	300	single
0.5	-1.8999999999999986	496.278	7	300	single
0.5	-1.6999999999999984	482.495	7	300	single
0.5	-1.4999999999999982	508.478	7	300	single
0.1	-3.5		7	100	single
0.1	-3.3		7	100	single
0.1	-3.0999999999999996		7	100	single
0.1	-2.8999999999999995		7	100	single
0.1	-2.6999999999999993		7	100	single
0.1	-2.499999999999999		7	100	single
0.1	-2.299999999999999		7	100	single
0.1	-2.0999999999999988		7	100	single
0.1	-1.8999999999999986	458.05	7	100	single
0.1	-1.6999999999999984		7	100	single
0.1	-1.4999999999999982		7	100	single
0.2	-3.5		7	100	single
0.2	-3.3		7	100	single
0.2	-3.0999999999999996		7	100	single
0.2	-2.8999999999999995		7	100	single
0.2	-2.6999999999999993	546.231	7	100	single
0.2	-2.499999999999999	489.896	7	100	single
0.2	-2.299999999999999	500.879	7	100	single
0.2	-2.0999999999999988	1067.138	7	100	single
0.2	-1.8999999999999986		7	100	single
0.2	-1.6999999999999984	463.747	7	100	single
0.2	-1.4999999999999982	485.593	7	100	single
0.3	-3.5	629.082	7	100	single
0.3	-3.3	627.836	7	100	single
0.3	-3.0999999999999996	627.178	7	100	single
0.3	-2.8999999999999995	626.624	7	100	single
0.3	-2.6999999999999993	624.999	7	100	single
0.3	-2.499999999999999	622.185	7	100	single
0.3	-2.299999999999999	479.967	7	100	single
0.3	-2.0999999999999988	609.947	7	100	single
0.3	-1.8999999999999986	473.425	7	100	single
0.3	-1.6999999999999984	575.078	7	100	single
0.3	-1.4999999999999982	428.056	7	100	single
0.5	-3.5	1077.749	7	100	single
0.5	-3.3	1076.825	7	100	single
0.5	-3.0999999999999996	1076.246	7	100	single
0.5	-2.8999999999999995	1076.354	7	100	single
0.5	-2.6999999999999993	1076.201	7	100	single
0.5	-2.499999999999999	1076.344	7	100	single
0.5	-2.299999999999999	1076.281	7	100	single
0.5	-2.0999999999999988	1076.141	7	100	single
0.5	-1.8999999999999986	1075.753	7	100	single
0.5	-1.6999999999999984	1076.256	7	100	single
0.5	-1.4999999999999982	1076.116	7	100	single
